127:
mrae: 0.04287350783124566
rmse: 0.01591623402200639
psnr: 42.84063835144043
ssim: 0.9953488176604729
sam: 1.883128547668457

149
mrae: 0.04070834582671523
rmse: 0.015077827125787735
psnr: 43.185129165649414
ssim: 0.995672894090615
sam: 1.8093930780887604