149
mrae: 0.04070834582671523
rmse: 0.015077827125787735
psnr: 43.185129165649414
ssim: 0.995672894090615
sam: 1.8093930780887604
